10 0.672852 0.409912 0.409505 0.818848
1 0.178223 0.588135 0.148763 0.217285
1 0.871094 0.813965 0.131510 0.097656
5 0.601400 0.880127 0.378581 0.239746
6 0.379883 0.279297 0.108724 0.166992
7 0.097168 0.536133 0.193685 0.388672
7 0.232585 0.159912 0.464518 0.318848
1 0.907878 0.968506 0.089193 0.061035
1 0.977702 0.841797 0.044596 0.138672
6 0.059408 0.265381 0.118164 0.145996
14 0.595378 0.095947 0.212891 0.190918
6 0.096517 0.047119 0.192383 0.093262
5 0.164551 0.939209 0.137044 0.120605
5 0.028971 0.944580 0.057292 0.110840
