9 0.499512 0.287598 0.209310 0.433594
5 0.189128 0.149170 0.255208 0.206543
5 0.086426 0.381348 0.172201 0.178711
5 0.050944 0.680420 0.101237 0.387207
5 0.223633 0.907227 0.140625 0.143555
5 0.471029 0.866211 0.098307 0.138672
5 0.768555 0.715088 0.231771 0.204590
5 0.908366 0.532471 0.183268 0.117676
5 0.845866 0.159668 0.307617 0.225586
10 0.608887 0.895264 0.149414 0.209473
8 0.606771 0.821045 0.077474 0.059082
8 0.977702 0.791504 0.043945 0.135742
0 0.942546 0.340088 0.114909 0.255371
5 0.273438 0.472168 0.147786 0.093750
14 0.499512 0.093506 0.060872 0.079590
4 0.176107 0.736084 0.158203 0.527832
4 0.221680 0.855225 0.172526 0.289551
4 0.361654 0.810547 0.171875 0.378906
13 0.610514 0.421387 0.044596 0.070312
13 0.381348 0.416016 0.038086 0.068359
