5 0.271322 0.141602 0.541992 0.282227
5 0.089030 0.430420 0.133138 0.175293
5 0.831055 0.096436 0.127604 0.187988
0 0.594076 0.305176 0.108724 0.217773
0 0.740072 0.311768 0.185221 0.195801
0 0.794922 0.781006 0.410156 0.430176
12 0.409831 0.676514 0.320964 0.241699
0 0.710938 0.129883 0.117188 0.165039
4 0.925293 0.237061 0.149414 0.470215
5 0.913086 0.407471 0.173828 0.166504
4 0.587402 0.123291 0.196289 0.245605
4 0.094076 0.652100 0.187500 0.688965
2 0.350749 0.357666 0.126628 0.270996
14 0.252767 0.312500 0.148112 0.153320
10 0.181152 0.587891 0.286784 0.713867
5 0.968099 0.046143 0.063802 0.091309
