10 0.062012 0.362549 0.123372 0.539551
11 0.200033 0.365967 0.170898 0.550293
10 0.370117 0.366211 0.150391 0.566406
11 0.536784 0.356934 0.172526 0.579102
10 0.715007 0.345215 0.175456 0.588867
11 0.906413 0.343262 0.186523 0.637695
12 0.155111 0.227295 0.071289 0.177246
12 0.317546 0.145020 0.068034 0.104492
12 0.633301 0.136719 0.081055 0.115234
5 0.714193 0.640137 0.571615 0.341797
5 0.305339 0.793213 0.310547 0.411621
5 0.746094 0.893311 0.327474 0.213379
5 0.049642 0.779297 0.098633 0.281250
14 0.064779 0.168213 0.105469 0.159668
14 0.235840 0.162842 0.101237 0.137207
14 0.390137 0.152588 0.092773 0.152832
14 0.546387 0.143799 0.109701 0.161621
14 0.714844 0.123047 0.093750 0.151367
14 0.936849 0.114502 0.108724 0.175293
