0 0.147624 0.892090 0.294596 0.211914
10 0.201986 0.474854 0.267253 0.504395
10 0.534180 0.394531 0.280599 0.570312
10 0.826823 0.447266 0.214193 0.497070
5 0.918783 0.143799 0.162435 0.166504
5 0.368490 0.273438 0.142578 0.250000
5 0.258952 0.104004 0.510091 0.201172
5 0.062012 0.459717 0.123372 0.378418
5 0.361654 0.822754 0.248698 0.185547
5 0.148438 0.963379 0.296224 0.073242
5 0.774577 0.836426 0.271159 0.209961
5 0.719238 0.941895 0.202148 0.116211
14 0.536458 0.227539 0.096354 0.251953
14 0.220703 0.331543 0.080729 0.187500
14 0.817383 0.309082 0.098307 0.224609
4 0.547201 0.860840 0.192057 0.276367
