8 0.116048 0.060547 0.106445 0.120117
13 0.166016 0.313965 0.231120 0.095703
13 0.824219 0.610352 0.197266 0.108398
11 0.509440 0.349854 0.192708 0.475098
10 0.221517 0.591797 0.165690 0.541992
1 0.371419 0.598633 0.102865 0.352539
8 0.474772 0.188721 0.134440 0.131348
8 0.798340 0.119385 0.148763 0.237793
1 0.089844 0.605713 0.079427 0.286621
1 0.072266 0.904541 0.092448 0.188965
1 0.162598 0.925049 0.066081 0.067871
1 0.261068 0.895508 0.071615 0.065430
1 0.402344 0.895020 0.084635 0.081055
1 0.816895 0.854248 0.117513 0.135254
14 0.914551 0.942627 0.143555 0.114746
1 0.352702 0.322754 0.118164 0.142578
7 0.647461 0.746338 0.234375 0.272949
1 0.709473 0.746338 0.081706 0.295410
1 0.934245 0.727051 0.111328 0.319336
7 0.566732 0.085205 0.251953 0.169434
7 0.303223 0.096924 0.258789 0.192871
9 0.841146 0.437744 0.317708 0.870605
9 0.142741 0.193115 0.224935 0.365723
