1 0.133464 0.277588 0.176432 0.262207
1 0.879883 0.657715 0.152344 0.442383
1 0.668783 0.161377 0.123372 0.159668
1 0.797201 0.147217 0.140625 0.260254
1 0.759115 0.451172 0.171224 0.208008
8 0.369792 0.226318 0.210286 0.239746
1 0.941895 0.177979 0.103190 0.084473
1 0.538249 0.183594 0.092122 0.081055
1 0.183594 0.024414 0.120443 0.047852
1 0.585124 0.941895 0.142253 0.116211
1 0.105957 0.643555 0.132487 0.371094
0 0.575684 0.746826 0.449544 0.496582
1 0.640788 0.355225 0.079102 0.084473
0 0.176107 0.803955 0.216146 0.187012
0 0.554688 0.408203 0.131510 0.244141
10 0.347819 0.560547 0.332357 0.878906
