9 0.306803 0.477783 0.342773 0.954590
9 0.700195 0.500244 0.309896 0.999512
8 0.312012 0.170166 0.164388 0.331543
13 0.235189 0.142090 0.086914 0.067383
13 0.319499 0.869629 0.221029 0.256836
13 0.713379 0.876465 0.258138 0.245117
13 0.142090 0.100342 0.183268 0.175293
1 0.520020 0.367920 0.116862 0.338379
1 0.106771 0.940918 0.167318 0.118164
1 0.123372 0.782715 0.074870 0.080078
1 0.508301 0.928711 0.157878 0.142578
1 0.958822 0.796631 0.082357 0.101074
13 0.797038 0.270264 0.053711 0.213379
1 0.917318 0.369385 0.165365 0.489746
13 0.647624 0.025635 0.106445 0.050293
8 0.722982 0.141113 0.152344 0.281250
