0 0.246154 0.891846 0.407326 0.125488
0 0.787546 0.860352 0.312088 0.130859
1 0.941026 0.699463 0.117949 0.132324
13 0.903297 0.185303 0.193407 0.235840
13 0.928938 0.205811 0.142125 0.189941
13 0.941026 0.225342 0.117949 0.153809
1 0.061905 0.204590 0.122344 0.138672
1 0.171429 0.760254 0.194872 0.100586
13 0.495971 0.678711 0.361905 0.123047
1 0.631502 0.958008 0.131868 0.083984
13 0.594872 0.147217 0.123077 0.064941
13 0.356777 0.152832 0.124542 0.051758
14 0.471429 0.176514 0.280586 0.230957
9 0.480952 0.502441 0.613187 0.900391
