10 0.175456 0.485840 0.350260 0.805664
9 0.591960 0.553711 0.306315 0.892578
9 0.884766 0.582275 0.230469 0.835449
14 0.239258 0.174561 0.175130 0.169434
8 0.601400 0.266846 0.131185 0.294434
8 0.875326 0.299561 0.124349 0.252441
1 0.799154 0.107422 0.124349 0.192383
1 0.960938 0.115967 0.078125 0.213379
13 0.905111 0.885254 0.189779 0.229492
13 0.587402 0.906006 0.252930 0.186035
1 0.763021 0.947754 0.098307 0.102539
1 0.396159 0.949463 0.138672 0.099121
9 0.114421 0.923096 0.228190 0.153809
1 0.427572 0.129639 0.165690 0.258301
1 0.128581 0.136719 0.065104 0.062500
1 0.042969 0.199463 0.068359 0.054199
13 0.648275 0.197510 0.083659 0.074707
13 0.915853 0.252686 0.066081 0.060059
1 0.748210 0.478516 0.050456 0.213867
