7 0.176758 0.515381 0.112630 0.657715
7 0.092611 0.435303 0.049154 0.400879
7 0.032227 0.496094 0.063802 0.510742
7 0.323079 0.532471 0.140951 0.625488
7 0.816081 0.502930 0.064453 0.635742
7 0.913086 0.518799 0.062500 0.550293
7 0.970215 0.508545 0.058919 0.619629
1 0.642253 0.051758 0.085286 0.102539
1 0.791992 0.058838 0.091797 0.110840
1 0.308757 0.040039 0.134440 0.079102
1 0.261719 0.650879 0.099609 0.102539
1 0.388835 0.678711 0.072591 0.123047
1 0.763021 0.727295 0.081380 0.110840
1 0.861003 0.909668 0.097005 0.098633
10 0.554688 0.499512 0.399740 0.998047
14 0.506185 0.113525 0.223307 0.226074
