1 0.901042 0.916504 0.130859 0.165039
1 0.783529 0.452881 0.119141 0.319824
1 0.866374 0.546143 0.190430 0.471191
1 0.953451 0.621094 0.093099 0.375000
1 0.884115 0.754639 0.060547 0.088379
1 0.233887 0.928711 0.077799 0.140625
1 0.375814 0.940918 0.116862 0.118164
1 0.129883 0.919922 0.119141 0.158203
1 0.139486 0.685791 0.095378 0.345215
1 0.055339 0.713379 0.110026 0.477539
1 0.172852 0.431885 0.074870 0.061035
1 0.049642 0.369141 0.098633 0.231445
1 0.048503 0.124756 0.096354 0.248535
1 0.426270 0.105225 0.055664 0.072754
1 0.694499 0.163330 0.096029 0.117676
1 0.901042 0.176758 0.105469 0.158203
1 0.801758 0.145752 0.065104 0.065918
14 0.536784 0.206055 0.145833 0.201172
0 0.248047 0.310303 0.330078 0.371582
0 0.135254 0.187012 0.269857 0.288086
0 0.361003 0.053467 0.128255 0.105957
11 0.563802 0.531738 0.390625 0.866211
11 0.490885 0.579346 0.494141 0.652832
8 0.677409 0.380859 0.121094 0.209961
