0 0.618164 0.545166 0.470052 0.545410
0 0.242676 0.685547 0.484701 0.622070
0 0.898275 0.494873 0.202799 0.313965
7 0.416178 0.155029 0.255534 0.309082
11 0.193848 0.373291 0.295898 0.701660
11 0.639648 0.317627 0.186198 0.579590
11 0.921875 0.260010 0.156250 0.519043
1 0.900065 0.706055 0.095703 0.083008
1 0.861979 0.871338 0.172526 0.257324
1 0.576986 0.774170 0.080404 0.090332
1 0.643717 0.882324 0.180664 0.234375
1 0.479329 0.822754 0.072591 0.065430
1 0.487793 0.943848 0.088216 0.112305
1 0.206055 0.923584 0.075521 0.075684
1 0.974447 0.888428 0.051107 0.223145
8 0.218750 0.090088 0.175781 0.173340
14 0.636393 0.080078 0.137370 0.159180
14 0.934570 0.069336 0.129557 0.137695
