11 0.156738 0.515869 0.307617 0.957520
14 0.145508 0.139893 0.181641 0.223145
1 0.574870 0.447266 0.113281 0.120117
1 0.685710 0.215088 0.072591 0.088379
1 0.835124 0.365479 0.160482 0.333496
1 0.750163 0.807129 0.499023 0.383789
0 0.906576 0.675293 0.186849 0.493164
11 0.951335 0.218262 0.097331 0.172852
5 0.743978 0.161377 0.512044 0.314941
1 0.705404 0.359131 0.121745 0.275879
11 0.492188 0.464600 0.455729 0.928223
14 0.448242 0.099609 0.196615 0.198242
11 0.949382 0.253418 0.101237 0.496094
