2 0.645508 0.223877 0.246745 0.014160
14 0.724447 0.162598 0.123372 0.166992
0 0.164551 0.076172 0.133789 0.151367
0 0.109538 0.071289 0.120117 0.141602
1 0.145671 0.332764 0.055664 0.197754
1 0.456543 0.188721 0.054362 0.126465
1 0.527995 0.187012 0.062500 0.215820
11 0.945150 0.144531 0.109701 0.288086
11 0.306966 0.380859 0.272135 0.633789
11 0.730306 0.360596 0.284831 0.580566
8 0.286133 0.164307 0.125000 0.190918
1 0.159831 0.204590 0.045573 0.036133
1 0.025879 0.669922 0.051107 0.263672
1 0.516602 0.488770 0.124349 0.178711
1 0.659180 0.157715 0.036458 0.040039
1 0.822103 0.148682 0.027669 0.042480
1 0.803060 0.086670 0.048177 0.150879
1 0.862956 0.096924 0.063802 0.190918
1 0.894206 0.176758 0.028646 0.029297
1 0.824870 0.242188 0.037760 0.046875
1 0.876465 0.350342 0.067383 0.182129
7 0.948405 0.408936 0.102539 0.199707
1 0.959961 0.538086 0.080078 0.078125
0 0.758952 0.713379 0.425456 0.419922
0 0.261719 0.713379 0.522786 0.451172
1 0.536947 0.891602 0.113607 0.113281
1 0.763835 0.883301 0.072591 0.133789
1 0.435710 0.916260 0.048503 0.050293
1 0.269694 0.912354 0.038737 0.045410
1 0.157878 0.907715 0.045573 0.046875
1 0.982422 0.862549 0.034505 0.059082
1 0.059408 0.142334 0.034180 0.038574
1 0.203288 0.141602 0.027018 0.039062
1 0.048991 0.754883 0.038737 0.086914
1 0.259603 0.829834 0.041341 0.050293
1 0.305664 0.827393 0.031901 0.035645
1 0.493490 0.775391 0.031901 0.036133
1 0.566732 0.763184 0.042318 0.056641
1 0.697917 0.900635 0.027995 0.038574
1 0.023112 0.888672 0.045573 0.152344
11 0.042643 0.191895 0.084635 0.382812
