14 0.133626 0.296875 0.157878 0.213867
1 0.464030 0.595215 0.046549 0.109375
1 0.067057 0.775391 0.050781 0.208008
1 0.021973 0.746338 0.043294 0.284668
1 0.064779 0.969727 0.066406 0.060547
1 0.336589 0.845215 0.038411 0.048828
1 0.493490 0.967041 0.050130 0.056152
1 0.750977 0.925049 0.041016 0.070801
1 0.970378 0.621826 0.059245 0.071777
1 0.944336 0.081299 0.111328 0.161621
1 0.871908 0.022217 0.048503 0.043457
1 0.759277 0.096924 0.068685 0.108887
1 0.703939 0.103516 0.040039 0.054688
1 0.577637 0.154053 0.073242 0.155762
1 0.355469 0.017578 0.048177 0.034180
1 0.262044 0.096436 0.087891 0.187988
1 0.411133 0.138916 0.059896 0.219238
0 0.287598 0.252930 0.202799 0.229492
11 0.485677 0.269287 0.184245 0.530762
11 0.873535 0.501221 0.252930 0.887207
14 0.856608 0.194580 0.113607 0.281738
1 0.165202 0.088623 0.083008 0.176270
1 0.055339 0.085449 0.109375 0.169922
1 0.017090 0.365967 0.033529 0.088379
1 0.317871 0.636719 0.118164 0.345703
1 0.683594 0.728760 0.124349 0.388184
0 0.499512 0.783203 0.349935 0.432617
11 0.190267 0.604248 0.293945 0.791504
14 0.512207 0.072510 0.114258 0.126465
