14 0.623861 0.107666 0.151367 0.214355
12 0.797689 0.101807 0.136393 0.201660
11 0.576986 0.425781 0.290039 0.850586
12 0.308594 0.501465 0.102214 0.187500
1 0.444824 0.536377 0.073893 0.229004
1 0.743490 0.523926 0.078776 0.187500
1 0.933594 0.461670 0.104818 0.362793
0 0.857422 0.489014 0.284505 0.370605
1 0.868815 0.824463 0.154948 0.333496
1 0.755046 0.771729 0.079102 0.079590
1 0.608887 0.895264 0.103190 0.145020
1 0.514486 0.906250 0.057617 0.078125
1 0.321615 0.932129 0.106771 0.135742
14 0.217611 0.875977 0.178711 0.200195
1 0.057454 0.912842 0.114258 0.174316
1 0.118327 0.459473 0.146810 0.348633
1 0.089193 0.199463 0.058594 0.090332
1 0.314779 0.482422 0.159505 0.394531
7 0.265137 0.154297 0.275716 0.307617
