8 0.581380 0.088867 0.137370 0.176758
14 0.405436 0.120605 0.145508 0.237305
11 0.377767 0.496094 0.306966 0.990234
11 0.662760 0.497559 0.345052 0.994141
1 0.885417 0.727051 0.191406 0.467773
1 0.034831 0.027588 0.069010 0.048340
1 0.060384 0.088379 0.071940 0.073242
1 0.070150 0.170166 0.092773 0.067871
1 0.099447 0.297852 0.093424 0.083984
1 0.144206 0.475098 0.157552 0.099609
1 0.012533 0.283936 0.024414 0.091309
1 0.019368 0.472168 0.038086 0.078125
1 0.148275 0.753418 0.143555 0.334961
1 0.240397 0.868408 0.089518 0.102051
1 0.838542 0.406006 0.091146 0.117676
5 0.225098 0.231201 0.252930 0.459473
7 0.940918 0.277588 0.118164 0.509277
