8 0.787598 0.230713 0.204102 0.281738
14 0.279460 0.224121 0.228841 0.271484
0 0.084961 0.180664 0.169271 0.360352
1 0.105794 0.423096 0.132161 0.117676
1 0.036947 0.716553 0.073242 0.370605
1 0.091309 0.893555 0.077148 0.049805
11 0.285482 0.494873 0.485026 0.862793
11 0.725586 0.539307 0.449870 0.904785
1 0.973145 0.499756 0.053711 0.112793
1 0.918620 0.275879 0.108724 0.263672
1 0.897135 0.050049 0.138021 0.099121
1 0.734538 0.114014 0.059570 0.076660
1 0.542318 0.124268 0.104167 0.190918
1 0.419271 0.142090 0.089193 0.091797
1 0.511882 0.694336 0.120768 0.392578
1 0.520508 0.954590 0.078776 0.090820
1 0.964681 0.701172 0.070638 0.390625
1 0.690430 0.063965 0.176432 0.126953
2 0.383301 0.312256 0.366211 0.083496
