0 0.760417 0.190186 0.433594 0.346191
0 0.221029 0.183594 0.403646 0.318359
14 0.458822 0.452881 0.144206 0.250488
7 0.102865 0.626465 0.205078 0.477539
1 0.176758 0.819336 0.111979 0.251953
1 0.101400 0.952881 0.047852 0.065918
1 0.046387 0.916504 0.092122 0.156250
10 0.412598 0.652100 0.412435 0.695801
11 0.851400 0.696045 0.296549 0.607910
12 0.245443 0.435547 0.073568 0.286133
7 0.538411 0.232422 0.188802 0.338867
7 0.706055 0.442627 0.234375 0.244629
14 0.888021 0.500000 0.207031 0.176758
1 0.658529 0.810547 0.137370 0.243164
2 0.828939 0.572754 0.230794 0.040039
