13 0.201172 0.386719 0.347656 0.291992
7 0.611003 0.402588 0.453776 0.277832
11 0.898275 0.584473 0.203451 0.765625
8 0.884277 0.295166 0.178711 0.178223
1 0.951823 0.183838 0.076823 0.101074
1 0.849284 0.083008 0.074870 0.122070
1 0.673991 0.148193 0.083008 0.139160
1 0.540527 0.098633 0.090820 0.138672
1 0.424154 0.176514 0.095052 0.113770
1 0.290202 0.100586 0.089518 0.129883
1 0.146810 0.197754 0.108724 0.153320
1 0.022624 0.115967 0.044596 0.130371
0 0.232422 0.729004 0.464193 0.421875
0 0.628581 0.723633 0.392578 0.418945
