14 0.287598 0.267334 0.155273 0.173340
14 0.801432 0.287598 0.162109 0.244141
12 0.290202 0.446045 0.579753 0.269043
12 0.931966 0.514893 0.044271 0.578613
0 0.908366 0.831543 0.183268 0.196289
0 0.473796 0.897461 0.166341 0.205078
1 0.482422 0.715088 0.110026 0.187012
1 0.502930 0.520508 0.067708 0.069336
1 0.521159 0.152100 0.106120 0.289551
1 0.619792 0.166260 0.051432 0.128418
1 0.706706 0.181885 0.086589 0.180176
1 0.853190 0.149170 0.076823 0.215332
1 0.943848 0.121582 0.112305 0.242188
1 0.412598 0.159424 0.083008 0.229004
1 0.289714 0.123047 0.172526 0.245117
0 0.106283 0.134766 0.211914 0.246094
1 0.049154 0.333008 0.097656 0.258789
11 0.263835 0.546875 0.527018 0.810547
11 0.753418 0.553467 0.492513 0.813965
