8 0.505697 0.072754 0.112305 0.114258
10 0.525553 0.260254 0.364258 0.510742
10 0.857422 0.248535 0.285156 0.471680
10 0.733073 0.617432 0.234375 0.519043
10 0.165853 0.362549 0.331055 0.657715
10 0.486654 0.669922 0.325521 0.618164
14 0.100098 0.114502 0.159831 0.180176
14 0.510742 0.064697 0.134766 0.128418
14 0.809082 0.061279 0.136393 0.121582
14 0.769206 0.428711 0.137370 0.136719
1 0.889974 0.558594 0.147135 0.139648
1 0.935872 0.831543 0.128255 0.336914
1 0.251953 0.859619 0.152995 0.279785
1 0.127930 0.866211 0.121094 0.267578
1 0.035645 0.831055 0.070638 0.337891
1 0.719889 0.942139 0.087565 0.115723
