14 0.851074 0.153076 0.184570 0.229980
11 0.803711 0.510498 0.392578 0.978027
11 0.308594 0.431641 0.371094 0.765625
14 0.338542 0.165039 0.193359 0.189453
0 0.300293 0.713379 0.599935 0.573242
1 0.064128 0.374756 0.127604 0.385254
1 0.111491 0.204346 0.085612 0.136230
1 0.201986 0.145996 0.075846 0.166992
1 0.469564 0.438721 0.133138 0.120605
1 0.644043 0.341797 0.069987 0.086914
12 0.497396 0.213135 0.104818 0.315918
1 0.563965 0.148438 0.069336 0.206055
1 0.627930 0.124512 0.072917 0.145508
1 0.725749 0.081055 0.130534 0.161133
1 0.929850 0.107666 0.094076 0.214355
1 0.947103 0.695557 0.105794 0.295410
1 0.572917 0.723389 0.102865 0.343262
1 0.655762 0.742920 0.074544 0.220215
