12 0.524089 0.131348 0.154297 0.247070
11 0.641602 0.431641 0.326172 0.761719
11 0.178874 0.490967 0.299805 0.966309
8 0.144206 0.147461 0.188802 0.213867
1 0.382650 0.284424 0.141602 0.213379
1 0.872884 0.355713 0.162435 0.257324
0 0.710938 0.736084 0.578125 0.527832
7 0.881185 0.152588 0.236979 0.298340
1 0.745443 0.053467 0.053385 0.105957
1 0.655111 0.023926 0.092773 0.046875
1 0.472331 0.027832 0.074870 0.054688
1 0.242839 0.018555 0.056641 0.036133
1 0.099447 0.069092 0.058268 0.075684
1 0.380046 0.594971 0.131836 0.337402
1 0.455241 0.756836 0.054362 0.093750
1 0.312012 0.714600 0.055013 0.046387
1 0.577637 0.012207 0.056315 0.023438
1 0.040202 0.562256 0.079753 0.324707
1 0.040202 0.925049 0.079753 0.149902
1 0.398926 0.942627 0.106445 0.114746
1 0.693034 0.973877 0.079427 0.050293
8 0.647949 0.143311 0.153971 0.183105
