2 0.292969 0.227295 0.118490 0.079590
12 0.864909 0.386475 0.064453 0.770996
7 0.953451 0.180176 0.093099 0.353516
1 0.932129 0.440430 0.087565 0.229492
10 0.720703 0.423096 0.360677 0.738770
1 0.336426 0.055176 0.068034 0.076172
11 0.260417 0.362305 0.364583 0.692383
1 0.438314 0.675049 0.052409 0.057129
1 0.514486 0.648682 0.056966 0.060059
1 0.499512 0.416016 0.103841 0.235352
1 0.424479 0.402588 0.080729 0.179199
1 0.078288 0.303467 0.130534 0.302246
1 0.071615 0.576172 0.051432 0.058594
1 0.085938 0.691895 0.106120 0.155273
7 0.189128 0.860840 0.263021 0.276367
0 0.615072 0.850342 0.769857 0.299316
1 0.345378 0.756348 0.111328 0.059570
1 0.939779 0.685547 0.063151 0.066406
8 0.287435 0.143799 0.169922 0.215332
8 0.704753 0.155762 0.181641 0.253906
