12 0.708008 0.244629 0.129557 0.385742
12 0.225423 0.272461 0.051107 0.406250
8 0.905111 0.343506 0.183268 0.163574
11 0.844564 0.586670 0.310872 0.709473
1 0.625814 0.411377 0.068034 0.065918
1 0.821615 0.164307 0.148438 0.252441
1 0.955892 0.154297 0.088216 0.241211
1 0.665202 0.185547 0.098633 0.208008
1 0.538900 0.190918 0.076497 0.062500
1 0.422201 0.169678 0.068359 0.116699
1 0.341960 0.199463 0.068034 0.105957
1 0.279460 0.154053 0.069987 0.142090
1 0.106934 0.102539 0.153320 0.204102
1 0.325521 0.683350 0.170573 0.483887
1 0.709473 0.714844 0.197591 0.390625
1 0.763021 0.890381 0.066406 0.070801
1 0.569499 0.952881 0.131836 0.086426
1 0.440267 0.975586 0.072591 0.048828
1 0.132324 0.959473 0.101237 0.081055
1 0.053711 0.708008 0.095703 0.346680
9 0.150391 0.539795 0.300130 0.782715
9 0.472331 0.575928 0.358073 0.740723
