11 0.293620 0.473877 0.551432 0.905762
8 0.279622 0.148438 0.220703 0.289062
16 0.037435 0.414307 0.074219 0.721191
7 0.591309 0.258057 0.252279 0.420410
9 0.800456 0.388672 0.392578 0.716797
1 0.855957 0.875000 0.100586 0.250000
1 0.955892 0.923340 0.088216 0.151367
1 0.714193 0.881836 0.143229 0.236328
12 0.612142 0.895752 0.072591 0.208496
1 0.532064 0.909424 0.114909 0.173340
1 0.384766 0.961670 0.082682 0.057129
1 0.248210 0.937256 0.071940 0.125488
1 0.152995 0.966797 0.065104 0.066406
1 0.068848 0.925293 0.090820 0.149414
