12 0.421612 0.312256 0.109158 0.248535
12 0.936264 0.319092 0.117216 0.302246
11 0.775092 0.444336 0.317949 0.185547
9 0.791209 0.552002 0.417582 0.635254
10 0.312821 0.631592 0.624176 0.527832
14 0.232601 0.434326 0.260073 0.137207
1 0.742125 0.923584 0.291575 0.152832
1 0.201099 0.936768 0.235165 0.065918
1 0.316484 0.813721 0.108425 0.060059
1 0.587546 0.458252 0.123077 0.059082
1 0.258242 0.214600 0.100366 0.115723
1 0.344689 0.263428 0.112088 0.050293
1 0.512821 0.240967 0.134799 0.142090
1 0.735165 0.173340 0.236630 0.239258
1 0.867766 0.227295 0.125275 0.045410
1 0.098535 0.232422 0.195604 0.178711
10 0.366667 0.089844 0.657143 0.178711
1 0.616850 0.674561 0.165568 0.272949
