13 0.240723 0.336670 0.196289 0.578613
0 0.591634 0.815918 0.709310 0.359375
10 0.589193 0.465088 0.495443 0.813965
12 0.945150 0.297852 0.109049 0.159180
1 0.932780 0.834717 0.133789 0.313965
0 0.091146 0.805420 0.181641 0.387207
1 0.256999 0.759766 0.185872 0.480469
1 0.066081 0.102539 0.131510 0.204102
1 0.592611 0.060303 0.057617 0.054199
1 0.717611 0.108887 0.060221 0.073242
1 0.673503 0.057373 0.147786 0.113770
1 0.379883 0.093506 0.128906 0.186035
1 0.228353 0.081055 0.103841 0.161133
14 0.537435 0.161133 0.233724 0.321289
