12 0.591797 0.447510 0.154297 0.184082
9 0.627279 0.447754 0.394531 0.833008
10 0.218262 0.541016 0.338867 0.862305
0 0.260417 0.894043 0.520182 0.211914
14 0.153483 0.284668 0.211914 0.321289
14 0.930827 0.458008 0.137695 0.256836
10 0.856283 0.656006 0.287435 0.686035
1 0.293783 0.116455 0.152018 0.231934
1 0.148275 0.088623 0.109049 0.176270
1 0.217611 0.176514 0.058919 0.053223
1 0.340495 0.237061 0.057292 0.065918
1 0.423340 0.171387 0.100586 0.257812
1 0.559245 0.177979 0.104167 0.306152
1 0.976400 0.119385 0.046549 0.159668
1 0.869792 0.124268 0.115885 0.247559
1 0.549805 0.897461 0.108724 0.203125
1 0.693685 0.890625 0.143880 0.218750
1 0.795736 0.922852 0.071289 0.150391
14 0.937826 0.457520 0.124349 0.263672
