12 0.884766 0.302002 0.230469 0.144043
12 0.623698 0.319336 0.064453 0.194336
12 0.343262 0.152100 0.294596 0.115723
14 0.409831 0.254883 0.126953 0.153320
11 0.401204 0.510742 0.353841 0.644531
0 0.422038 0.758545 0.752279 0.324707
0 0.932780 0.752930 0.131836 0.350586
1 0.110840 0.735840 0.150716 0.326172
1 0.025391 0.794922 0.050130 0.294922
1 0.062826 0.890137 0.047526 0.065430
1 0.150391 0.862549 0.056641 0.036621
1 0.351400 0.894043 0.056966 0.062500
1 0.419922 0.916504 0.065104 0.060547
1 0.923991 0.433838 0.057617 0.099121
1 0.717611 0.117188 0.090169 0.068359
1 0.782552 0.163086 0.064453 0.053711
7 0.852865 0.066162 0.190104 0.131348
1 0.706706 0.197266 0.054036 0.078125
1 0.756185 0.211182 0.048828 0.066895
1 0.705729 0.277344 0.097005 0.071289
1 0.703288 0.381592 0.092122 0.088379
1 0.816895 0.395752 0.103841 0.072754
1 0.922852 0.433594 0.054036 0.093750
1 0.810059 0.511963 0.123372 0.092285
1 0.819824 0.686768 0.092773 0.093262
1 0.668294 0.494629 0.100911 0.113281
1 0.815430 0.973877 0.111979 0.050293
1 0.977051 0.154297 0.043294 0.050781
1 0.041016 0.539551 0.081380 0.068359
1 0.207357 0.473633 0.110026 0.218750
10 0.142253 0.162842 0.198568 0.324707
