12 0.594727 0.277588 0.313802 0.523926
14 0.320801 0.222168 0.193034 0.189453
10 0.409180 0.480713 0.338542 0.652832
0 0.403483 0.770752 0.649414 0.432129
1 0.193197 0.224854 0.119466 0.280762
1 0.069824 0.293213 0.114909 0.232910
1 0.172689 0.517090 0.101237 0.081055
1 0.081706 0.744141 0.162760 0.354492
1 0.240723 0.944336 0.096029 0.109375
1 0.372070 0.930420 0.087891 0.139160
1 0.614909 0.913086 0.142578 0.171875
1 0.729167 0.961670 0.067708 0.076660
1 0.953125 0.942383 0.093750 0.100586
1 0.769206 0.657715 0.128906 0.392578
1 0.853841 0.770752 0.061198 0.074707
1 0.969076 0.759766 0.061849 0.055664
1 0.916016 0.576172 0.154297 0.399414
1 0.829102 0.338379 0.115234 0.073242
1 0.932292 0.206055 0.121094 0.295898
1 0.750163 0.196045 0.160482 0.309082
1 0.597982 0.145752 0.117839 0.199707
1 0.370117 0.074707 0.158203 0.104492
