12 0.116374 0.341797 0.099284 0.428711
0 0.433431 0.725586 0.680013 0.546875
10 0.454102 0.470215 0.370443 0.791992
1 0.778646 0.827637 0.171224 0.344727
1 0.078125 0.697266 0.155599 0.374023
1 0.305339 0.947754 0.072266 0.104492
1 0.398275 0.956543 0.060872 0.084961
1 0.631348 0.888428 0.114258 0.223145
1 0.928060 0.834961 0.143229 0.330078
1 0.898600 0.400635 0.094076 0.222168
1 0.823568 0.485352 0.065104 0.081055
1 0.766602 0.293213 0.149089 0.383301
1 0.218262 0.241211 0.134440 0.196289
1 0.062174 0.293213 0.078776 0.197754
1 0.976400 0.609131 0.046549 0.078613
1 0.980469 0.354004 0.038411 0.229492
14 0.489746 0.192139 0.176758 0.293457
